Tx⟍Rx     1     2     3     4     5     6     7     8     9    10    11
     +-----------------------------------------------------------------
   1 |        -37   -56   -67   -68   -76   -85   -81
   2 |  -37         -50   -64   -70   -72   -82   -82
   3 |  -57   -51         -52   -47   -60         -77
   4 |  -66   -63   -51         -43   -48   -71   -65
   5 |  -67   -69   -47   -44         -57   -66   -69
   6 |  -75   -71   -58   -48   -57         -55   -61   -79   -79
   7 |  -85   -80         -71   -65   -54         -45   -75   -62
   8 |  -81   -81   -77   -66   -70   -61   -46         -86   -83
   9 |                                -79   -76               -43   -79
  10 |                                -80   -63   -83   -44         -78
  11 |                                                  -80   -77
