Tx⟍Rx     1     2     3     4     5     6     7     8     9    10    11
     +-----------------------------------------------------------------
   1 |        -43   -57   -80   -62   -73   -86   -84
   2 |  -43         -45   -64   -56   -78   -81   -73
   3 |  -59   -46         -52   -47   -65   -72   -68
   4 |  -79   -62   -50         -41   -57   -65   -62
   5 |  -61   -55   -45   -41         -56   -71   -73
   6 |  -73   -77   -64   -58   -57         -55   -56
   7 |  -85   -80   -70   -65   -70   -53         -53   -78   -70
   8 |  -86   -74   -68   -64   -74   -57   -55         -77   -81
   9 |                                      -79   -76         -60   -75
  10 |                                      -72   -81   -61         -81
  11 |                                                  -75   -80
