Tx⟍Rx     1     2     3     4     5     6     7     8     9    10    11
     +-----------------------------------------------------------------
   1 |        -36   -57   -64   -67   -73   -84   -81
   2 |  -37         -49   -65   -64   -69         -83
   3 |  -57   -49         -56   -49   -60   -86   -76
   4 |  -63   -64   -55         -44   -49   -70   -60
   5 |  -67   -63   -48   -44         -53   -68   -70
   6 |  -73   -68   -59   -49   -53         -59   -64   -80   -78
   7 |  -83         -85   -70   -67   -58         -53   -76   -61   -77
   8 |  -82   -82   -76   -61   -71   -65   -54         -85   -73
   9 |                                -80   -77   -84         -40   -74
  10 |                                -79   -62   -73   -41         -82
  11 |                                      -78         -74   -82
