Tx⟍Rx     1     2     3     4     5     6     7     8     9    10    11    12    13    14    15    16    17    19    20    21    22    23    24
     +-----------------------------------------------------------------------------------------------------------------------------------------
   1 |        -35   -53   -73   -59   -61   -73   -75   -78   -87   -78                                                         -88   -75   -66
   2 |  -35         -51   -58   -58   -58   -73   -65   -70   -84   -75                                                         -81   -61   -65
   3 |  -54   -53         -44   -38   -49   -58   -56   -70   -67   -69                                                               -49   -50
   4 |  -72   -58   -42         -36   -41   -48   -42   -60   -67   -61                           -88                                 -37   -39
   5 |  -59   -58   -37   -36         -38   -53   -53   -55   -73   -63                                                               -43   -32
   6 |  -62   -58   -47   -41   -38         -42   -48   -63   -65   -52         -87                                                   -43   -38
   7 |  -74   -74   -59   -50   -54   -43         -41   -48   -55   -61         -79                                                   -52   -61
   8 |  -75   -65   -55   -43   -53   -48   -40         -54   -50   -52   -82   -82                                                   -39   -43
   9 |  -80   -72   -72   -62   -57   -64   -48   -55         -41   -49   -79   -69               -88                                 -63   -61
  10 |  -84   -83   -64   -65   -71   -63   -51   -48   -37         -44   -76   -68   -81         -84   -88                           -73   -70
  11 |  -79   -76   -68   -62   -63   -53   -59   -52   -47   -47         -72   -66         -84   -86                                 -65   -61
  12 |                                      -85   -82   -77   -79   -71         -48   -78   -67   -76   -73         -83               -87
  13 |                                -88   -78   -82   -68   -71   -66   -49         -73   -74   -70   -88                           -84
  14 |                                                        -83         -78   -72         -78   -74   -82
  15 |                                                  -87         -85   -69   -74   -79         -51   -61   -72   -74
  16 |                    -90                           -87   -87   -86   -76   -70   -74   -50         -48   -76   -69   -82   -86
  17 |                                                        -91         -73   -88   -82   -60   -48         -77   -62   -76   -86
  19 |                                                                                      -70   -75   -77         -56   -49   -66
  20 |                                                                    -84               -74   -68   -62   -56         -52   -74
  21 |                                                                                            -82   -76   -50   -52         -51
  22 |        -81                                                                                 -86   -86   -66   -74   -50
  23 |  -75   -62   -47   -37   -42   -43   -50   -38   -61   -72   -64   -87   -88                                                         -40
  24 |  -65   -65   -48   -39   -31   -37   -58   -42   -58   -71   -60                                                               -39