Tx⟍Rx     1     2     3     4     5     6     7     8     9    10    11
     +-----------------------------------------------------------------
   1 |        -33   -58   -59   -57   -71   -87   -79
   2 |  -32         -45   -60   -56   -75   -78   -78
   3 |  -59   -46         -39   -50   -52   -66   -67
   4 |  -59   -60   -38         -44   -44   -61   -62
   5 |  -57   -56   -50   -44         -52   -61   -65
   6 |  -70   -75   -52   -44   -52         -57   -60   -81   -73
   7 |  -85   -77   -64   -60   -60   -55         -42   -76   -65   -84
   8 |  -79   -79   -67   -63   -66   -61   -44         -76   -67   -88
   9 |                                -81   -77   -76         -46   -82
  10 |                                -73   -67   -67   -46         -73
  11 |                                      -85         -82   -73
