Tx⟍Rx     1     2     3     4     5     6     7     8     9    10    11
     +-----------------------------------------------------------------
   1 |        -37   -68   -65   -65   -72   -87   -82
   2 |  -38         -62   -64   -64   -69         -84
   3 |  -69   -62         -47   -47   -65   -73   -75
   4 |  -64   -63   -46         -44   -49   -70   -59
   5 |  -65   -64   -47   -45         -55   -67   -75
   6 |  -72   -69   -64   -49   -55         -55   -61   -80   -84
   7 |  -85   -86   -71   -69   -66   -54         -49   -73   -60
   8 |  -82   -84   -75   -60   -75   -61   -51         -88   -71
   9 |                                -80   -74   -87         -44   -76
  10 |                                -84   -62   -71   -44         -77
  11 |                                                  -76   -76
